4 64 768 256
3
4 7 8 13 14 15
0 3 10 6
0 20 13 4
0 23 4 11
0 29 7 13
0 32 11 5
0 33 12 7
0 40 8 14
0 42 14 8
0 48 9 7
0 53 15 8
0 55 6 13
0 56 5 13
1 9 6 13
1 13 4 9
1 28 9 14
1 35 14 11
1 38 12 15
1 43 13 6
1 46 7 11
1 48 5 12
1 49 10 5
1 50 8 4
1 60 11 4
1 61 15 12
2 11 8 4
2 12 11 6
2 13 9 14
2 23 6 12
2 29 13 14
2 34 7 13
2 36 14 10
2 39 15 10
2 42 4 9
2 44 12 6
2 50 5 12
2 60 10 14
3 0 6 10
3 13 7 13
3 16 15 10
3 20 4 8
3 23 10 15
3 24 13 7
3 27 5 8
3 29 9 15
3 47 14 8
3 55 11 6
3 57 12 5
3 62 8 5
4 12 7 13
4 15 8 14
4 17 9 4
4 31 10 4
4 32 12 4
4 37 6 12
4 41 11 14
4 42 14 12
4 43 5 12
4 51 4 10
4 54 15 13
4 57 13 15
5 7 9 4
5 20 12 7
5 21 15 9
5 24 14 9
5 34 7 9
5 36 4 8
5 41 11 7
5 45 13 7
5 46 8 4
5 48 5 8
5 52 10 15
5 59 6 9
6 10 10 15
6 11 12 15
6 19 5 11
6 21 11 4
6 22 6 10
6 27 8 5
6 35 7 12
6 44 13 7
6 45 15 8
6 46 4 10
6 49 9 7
6 55 14 8
7 5 4 9
7 12 13 15
7 14 9 4
7 21 5 13
7 37 11 4
7 38 14 12
7 44 7 13
7 54 15 12
7 55 8 14
7 57 6 13
7 59 12 5
7 63 10 4
8 11 9 5
8 12 12 14
8 14 10 15
8 23 7 13
8 28 8 4
8 31 6 12
8 35 15 13
8 39 11 4
8 45 14 11
8 49 5 8
8 53 13 14
8 62 4 8
9 1 13 6
9 20 9 14
9 21 10 14
9 29 11 5
9 34 5 11
9 35 8 4
9 39 12 15
9 45 15 12
9 47 7 13
9 55 6 12
9 61 4 8
9 63 14 9
10 6 15 10
10 12 8 4
10 13 4 8
10 17 13 6
10 18 11 5
10 24 6 11
10 33 5 8
10 50 14 10
10 52 7 13
10 55 10 4
10 56 9 14
10 62 12 6
11 2 4 8
11 6 15 12
11 8 5 9
11 21 14 8
11 24 11 15
11 25 8 4
11 27 7 10
11 42 12 7
11 48 10 15
11 54 13 7
11 57 6 8
11 62 9 4
12 2 6 11
12 4 13 7
12 7 15 13
12 8 14 12
12 10 4 8
12 27 8 4
12 30 10 7
12 34 9 15
12 35 12 7
12 36 11 6
12 45 7 9
12 55 5 10
13 1 9 4
13 2 14 9
13 3 13 7
13 10 8 4
13 20 6 11
13 42 7 13
13 45 11 4
13 47 5 10
13 49 10 15
13 55 4 11
13 58 15 13
13 60 12 7
14 7 4 9
14 8 15 10
14 18 8 4
14 20 11 15
14 26 5 13
14 28 13 7
14 30 9 4
14 32 6 9
14 40 10 5
14 54 12 6
14 60 14 9
14 62 7 11
15 4 14 8
15 16 7 13
15 22 9 4
15 26 4 10
15 37 13 6
15 39 6 11
15 40 5 11
15 45 12 6
15 48 10 4
15 54 11 15
15 58 8 4
15 60 15 11
16 3 10 15
16 15 13 7
16 17 7 13
16 22 12 6
16 25 8 14
16 26 4 8
16 27 9 14
16 28 6 13
16 33 15 12
16 40 14 12
16 58 11 15
16 61 5 9
17 4 4 9
17 10 6 13
17 16 13 7
17 22 11 7
17 27 12 6
17 28 14 8
17 30 15 12
17 32 7 12
17 36 9 15
17 39 5 9
17 42 10 6
17 52 8 14
18 10 5 11
18 14 4 8
18 21 12 6
18 24 6 10
18 25 14 8
18 28 15 9
18 29 8 4
18 30 13 15
18 52 11 4
18 55 10 15
18 56 9 4
18 59 7 13
19 6 11 5
19 26 10 14
19 35 4 10
19 39 12 6
19 41 7 11
19 42 9 14
19 45 15 10
19 47 8 14
19 49 5 9
19 59 13 7
19 61 14 10
19 63 6 11
20 0 4 13
20 3 8 4
20 5 7 12
20 9 14 9
20 13 11 6
20 14 15 11
20 25 9 5
20 34 6 12
20 35 13 14
20 43 12 15
20 47 10 4
20 56 5 10
21 5 9 15
21 6 4 11
21 7 13 5
21 9 14 10
21 11 8 14
21 18 6 12
21 29 5 12
21 44 7 12
21 48 15 9
21 51 11 15
21 52 12 6
21 59 10 15
22 6 10 6
22 15 4 9
22 16 6 12
22 17 7 11
22 24 13 6
22 31 5 13
22 32 9 15
22 34 14 8
22 42 8 15
22 47 11 6
22 62 15 12
22 63 12 6
23 0 11 4
23 2 12 6
23 3 15 10
23 8 13 7
23 26 9 15
23 41 7 12
23 42 4 11
23 43 8 4
23 49 14 11
23 56 10 15
23 59 5 12
23 63 6 13
24 3 7 13
24 5 9 14
24 10 11 6
24 11 15 11
24 18 10 6
24 22 6 13
24 26 14 11
24 33 12 6
24 37 4 8
24 44 8 14
24 58 13 5
24 60 5 12
25 11 4 8
25 16 14 8
25 18 8 14
25 20 5 9
25 26 15 9
25 30 12 14
25 42 13 5
25 46 7 13
25 50 6 11
25 51 10 7
25 56 11 7
25 60 9 5
26 14 13 5
26 15 10 4
26 16 8 4
26 19 14 10
26 23 15 9
26 24 11 14
26 25 9 15
26 29 12 6
26 31 5 10
26 37 7 10
26 48 6 13
26 59 4 10
27 3 8 5
27 6 5 8
27 11 10 7
27 12 4 8
27 16 14 9
27 17 6 12
27 37 12 7
27 39 7 13
27 41 9 6
27 53 15 9
27 59 11 6
27 61 13 6
28 1 14 9
28 8 4 8
28 14 7 13
28 16 13 6
28 17 8 14
28 18 9 15
28 30 5 11
28 37 10 5
28 47 6 12
28 58 15 12
28 60 12 15
28 62 11 7
29 0 13 7
29 2 14 13
29 3 15 9
29 9 5 11
29 18 4 8
29 21 12 5
29 26 6 12
29 34 8 14
29 38 7 10
29 41 9 15
29 62 10 15
29 63 11 15
30 12 7 10
30 14 4 9
30 17 12 15
30 18 15 13
30 25 14 12
30 28 11 5
30 34 9 4
30 43 8 14
30 46 13 6
30 50 10 14
30 52 6 12
30 61 5 11
31 4 4 10
31 8 12 6
31 22 13 5
31 26 10 5
31 32 6 11
31 33 5 10
31 34 8 5
31 40 11 15
31 51 7 13
31 52 14 9
31 56 15 9
31 63 9 14
32 0 5 11
32 4 4 12
32 14 9 6
32 17 12 7
32 22 15 9
32 31 11 6
32 40 13 7
32 42 8 4
32 46 14 8
32 49 7 13
32 53 10 7
32 54 6 11
33 0 7 12
33 10 8 5
33 16 12 15
33 24 6 12
33 31 10 5
33 34 11 6
33 48 15 10
33 51 9 4
33 52 5 11
33 55 13 7
33 59 4 8
33 60 14 8
34 2 13 7
34 5 9 7
34 9 11 5
34 12 15 9
34 20 12 6
34 22 8 14
34 29 14 8
34 30 4 9
34 31 5 8
34 33 6 11
34 50 7 13
34 56 10 6
35 1 11 14
35 6 12 7
35 8 13 15
35 9 4 8
35 12 7 12
35 19 10 4
35 20 14 13
35 45 5 13
35 49 8 4
35 51 6 12
35 56 15 11
35 61 9 4
36 2 10 14
36 5 8 4
36 12 6 11
36 17 15 9
36 41 4 10
36 44 7 11
36 49 9 14
36 53 12 6
36 54 14 8
36 59 13 14
36 60 11 6
36 61 5 13
37 4 12 6
37 7 4 11
37 15 6 13
37 24 8 4
37 26 10 7
37 27 7 12
37 28 5 10
37 39 11 7
37 40 13 6
37 57 15 9
37 58 9 14
37 60 14 10
38 1 15 12
38 7 12 14
38 29 10 7
38 39 11 5
38 41 8 4
38 44 9 15
38 46 13 7
38 47 4 11
38 51 5 11
38 53 7 13
38 57 14 10
38 62 6 13
39 2 10 15
39 8 4 11
39 9 15 12
39 15 11 6
39 17 9 5
39 19 6 12
39 27 13 7
39 37 7 11
39 38 5 11
39 51 8 14
39 57 12 6
39 58 14 8
40 0 14 8
40 14 5 10
40 15 11 5
40 16 12 14
40 31 15 11
40 32 7 13
40 37 6 13
40 46 10 15
40 47 13 7
40 50 8 15
40 54 4 10
40 62 9 14
41 4 14 11
41 5 7 11
41 19 11 7
41 23 12 7
41 27 6 9
41 29 15 9
41 36 10 4
41 38 4 8
41 42 5 10
41 43 13 7
41 49 8 6
41 50 9 6
42 0 8 14
42 2 9 4
42 4 12 14
42 11 7 12
42 13 13 7
42 17 6 10
42 19 14 9
42 22 15 8
42 23 11 4
42 25 5 13
42 32 4 8
42 41 10 5
43 1 6 13
43 4 12 5
43 20 15 12
43 23 4 8
43 30 14 8
43 41 7 13
43 46 8 14
43 50 5 8
43 53 9 15
43 57 10 4
43 58 11 7
43 61 13 7
44 2 6 12
44 6 7 13
44 7 13 7
44 21 12 7
44 24 14 8
44 36 11 7
44 38 15 9
44 47 10 5
44 48 9 6
44 53 8 5
44 54 5 9
44 58 4 9
45 5 7 13
45 6 8 15
45 8 11 14
45 9 12 15
45 12 9 7
45 13 4 11
45 15 6 12
45 19 10 15
45 35 13 5
45 51 14 8
45 59 15 11
45 62 5 10
46 1 11 7
46 5 4 8
46 6 10 4
46 25 13 7
46 30 6 13
46 32 8 14
46 38 7 13
46 40 15 10
46 43 14 8
46 53 9 4
46 56 5 8
46 61 12 5
47 3 8 14
47 9 13 7
47 13 10 5
47 19 14 8
47 20 4 10
47 22 6 11
47 28 12 6
47 38 11 4
47 40 7 13
47 44 5 10
47 50 15 9
47 57 9 14
48 0 7 9
48 1 12 5
48 5 8 5
48 11 15 10
48 15 4 10
48 21 9 15
48 26 13 6
48 33 10 15
48 44 6 9
48 53 14 10
48 58 5 10
48 63 11 5
49 1 5 10
49 6 7 9
49 8 8 5
49 13 15 10
49 19 9 5
49 23 11 14
49 32 13 7
49 35 4 8
49 36 14 9
49 41 6 8
49 50 12 7
49 51 10 6
50 1 4 8
50 2 12 5
50 10 10 14
50 25 11 6
50 30 14 10
50 34 13 7
50 40 15 8
50 41 6 9
50 43 8 5
50 47 9 15
50 49 7 12
50 52 5 8
51 4 10 4
51 21 15 11
51 25 7 10
51 31 13 7
51 33 4 9
51 35 12 6
51 38 11 5
51 39 14 8
51 45 8 14
51 49 6 10
51 58 9 6
51 60 5 13
52 5 15 10
52 10 13 7
52 17 14 8
52 18 4 11
52 21 6 12
52 30 12 6
52 31 9 14
52 33 11 5
52 50 8 5
52 53 5 11
52 55 10 5
52 57 7 12
53 0 8 15
53 8 14 13
53 27 9 15
53 32 7 10
53 36 6 12
53 38 13 7
53 43 15 9
53 44 5 8
53 46 4 9
53 48 10 14
53 52 11 5
53 54 12 5
54 4 13 15
54 7 12 15
54 11 7 13
54 14 6 12
54 15 15 11
54 32 11 6
54 36 8 14
54 40 10 4
54 44 9 5
54 53 5 12
54 58 14 11
54 63 4 12
55 0 13 6
55 3 6 11
55 6 8 14
55 7 14 8
55 9 12 6
55 10 4 10
55 12 10 5
55 13 11 4
55 18 15 10
55 33 7 13
55 52 5 10
55 61 9 14
56 0 13 5
56 10 14 9
56 18 4 9
56 20 10 5
56 23 15 10
56 25 7 11
56 31 9 15
56 34 6 10
56 35 11 15
56 46 8 5
56 57 12 7
56 63 5 10
57 3 5 12
57 4 15 13
57 7 13 6
57 11 8 6
57 37 9 15
57 38 10 14
57 39 6 12
57 43 4 10
57 47 14 9
57 52 12 7
57 56 7 12
57 63 11 7
58 13 13 15
58 15 4 8
58 16 15 11
58 24 5 13
58 28 12 15
58 37 14 9
58 39 8 14
58 43 7 11
58 44 9 4
58 48 10 5
58 51 6 9
58 54 11 14
59 5 9 6
59 7 5 12
59 18 13 7
59 19 7 13
59 21 15 10
59 23 12 5
59 26 10 4
59 27 6 11
59 33 8 4
59 36 14 13
59 45 11 15
59 62 4 9
60 1 4 11
60 2 14 10
60 13 7 12
60 14 9 14
60 15 11 15
60 24 12 5
60 25 5 9
60 28 15 12
60 33 8 14
60 36 6 11
60 37 10 14
60 51 13 5
61 1 12 15
61 9 8 4
61 16 9 5
61 19 10 14
61 27 6 13
61 30 11 5
61 35 4 9
61 36 13 5
61 43 7 13
61 46 5 12
61 55 14 9
61 63 15 8
62 3 5 8
62 8 8 4
62 10 6 12
62 11 4 9
62 14 11 7
62 22 12 15
62 28 7 11
62 29 15 10
62 38 13 6
62 40 14 9
62 45 10 5
62 59 9 4
63 7 4 10
63 9 9 14
63 19 11 6
63 22 6 12
63 23 13 6
63 29 15 11
63 31 14 9
63 48 5 11
63 54 12 4
63 56 10 5
63 57 7 11
63 61 8 15
