838
59 13 3 100 76993 2.000104855 0
37 154 3 100 204972 2.000367365 0
43 208 3 100 16291 2.000514281 0
102 188 3 100 7586789 2.000962645 0
186 79 3 100 251174 2.001014671 0
244 77 3 100 1199524 2.001157508 0
136 255 3 100 33389 2.001184892 0
102 16 3 100 79480 2.001506787 0
102 56 3 100 826698 2.001763415 0
56 62 3 100 9622 2.001790251 0
62 89 3 100 8369395 2.001862071 0
168 26 3 100 2344394 2.001911460 0
191 154 3 100 67321 2.001916696 0
168 27 3 100 989246 2.002234120 0
214 4 3 100 27938 2.002364814 0
94 57 3 100 18620 2.002803569 0
184 185 3 100 37247 2.003018152 0
88 51 3 100 74321 2.003034530 0
24 25 3 100 222054 2.003106478 0
7 249 3 100 26042 2.003397564 0
26 197 3 100 32812 2.003536597 0
6 92 3 100 74907 2.003679391 0
106 231 3 100 11865 2.003850440 0
132 81 3 100 44356 2.003912331 0
216 166 3 100 13844 2.003981597 0
193 17 3 100 21048 2.004055004 0
71 118 3 100 171756 2.004148434 0
19 242 3 100 3538838 2.004222188 0
250 189 3 100 36260 2.004235684 0
211 68 3 100 1277722 2.004540538 0
226 247 3 100 11506344 2.005209337 0
130 114 3 100 17178 2.005296550 0
26 198 3 100 33890 2.005342661 0
86 206 3 100 1365862 2.005403616 0
237 181 3 100 18676 2.005663630 0
54 219 3 100 56658 2.005751389 0
196 27 3 100 64218 2.005960125 0
61 163 3 100 64913 2.006285889 0
136 195 3 100 733287 2.006338865 0
181 189 3 100 45820 2.006480421 0
196 198 3 100 4860158 2.006529283 0
117 132 3 100 21057 2.006565492 0
58 245 3 100 325601 2.007017901 0
63 83 3 100 914121 2.007142651 0
60 4 3 100 1017085 2.007617594 0
150 221 3 100 3663072 2.007861489 0
27 25 3 100 20153 2.008386596 0
150 203 3 100 31786 2.008582543 0
110 125 3 100 1467699 2.009049337 0
171 197 3 100 5708376 2.009186869 0
183 158 3 100 53177 2.009209327 0
205 157 3 100 19705 2.009343444 0
7 253 3 100 456786 2.009774445 0
247 63 3 100 9265 2.009924893 0
88 74 3 100 51266 2.010014143 0
107 192 3 100 36069 2.010376808 0
198 199 3 100 69610 2.010473369 0
227 245 3 100 1921411 2.010683484 0
170 197 3 100 4999 2.010705045 0
238 233 3 100 39775 2.010806869 0
234 49 3 100 5809807 2.010826317 0
95 195 3 100 7607560 2.011031626 0
6 87 3 100 20696 2.011226599 0
172 88 3 100 4914 2.011413757 0
29 110 3 100 2811564 2.011488772 0
151 78 3 100 296863 2.011783839 0
0 152 3 100 1178 2.011787220 0
28 250 3 100 28276 2.011843170 0
60 252 3 100 305937 2.012004983 0
22 39 3 100 62730 2.012272147 0
163 231 3 100 68079 2.012348312 0
17 184 3 100 7564 2.012786144 0
171 169 3 100 16238 2.012871528 0
54 201 3 100 70194 2.012956387 0
92 188 3 100 78665 2.013137902 0
17 201 3 100 25168 2.013937444 0
238 241 3 100 58100 2.013966642 0
116 38 3 100 67048 2.014422268 0
202 217 3 100 5362723 2.014644901 0
8 33 3 100 175735 2.014654834 0
194 65 3 100 5848 2.014981511 0
169 170 3 100 39480 2.015229273 0
73 113 3 100 58381 2.015250104 0
136 0 3 100 9882854 2.015921917 0
26 168 3 100 133666 2.016216445 0
24 171 3 100 1650274 2.016371269 0
22 20 3 100 2829241 2.017276800 0
255 36 3 100 54323 2.017371851 0
6 123 3 100 1864 2.017409863 0
82 157 3 100 6248740 2.017862256 0
237 212 3 100 9815 2.018902329 0
23 117 3 100 85644 2.020020448 0
182 126 3 100 16098 2.020310079 0
110 146 3 100 16066 2.020410008 0
61 143 3 100 9477 2.020512746 0
144 161 3 100 624348 2.020563182 0
164 49 3 100 30100 2.020662883 0
40 204 3 100 75584 2.020960229 0
28 9 3 100 152890 2.020996538 0
24 169 3 100 13929 2.021064794 0
196 197 3 100 8501549 2.021241861 0
232 135 3 100 2860 2.021349061 0
23 2 3 100 5540 2.021363184 0
91 36 3 100 4232435 2.021582615 0
77 221 3 100 4292593 2.022311915 0
188 192 3 100 16732 2.022535780 0
48 35 3 100 4113763 2.022575403 0
134 131 3 100 7080 2.022949888 0
39 141 3 100 1971837 2.023069023 0
49 35 3 100 99410 2.023304928 0
109 203 3 100 11903593 2.024062187 0
91 203 3 100 73567 2.024443455 0
232 67 3 100 4666836 2.024463023 0
215 181 3 100 606831 2.024996481 0
117 87 3 100 4623353 2.025707515 0
197 27 3 100 3811277 2.025781233 0
119 212 3 100 3947461 2.026998793 0
182 5 3 100 23910 2.027211933 0
75 152 3 100 8318 2.027356978 0
237 16 3 100 532350 2.027359918 0
247 123 3 100 5174 2.027903210 0
220 41 3 100 7631254 2.027944563 0
241 130 3 100 16188 2.029335294 0
87 102 3 100 27077775 2.029364103 0
35 104 3 100 39881 2.029573273 0
162 151 3 100 1790804 2.029719524 0
63 250 3 100 55708 2.029744423 0
136 186 3 100 9595349 2.029865470 0
25 197 3 100 20931 2.029999402 0
151 227 3 100 28222 2.030052265 0
180 194 3 100 1120977 2.030266490 0
99 129 3 100 1242884 2.030970755 0
216 37 3 100 129866 2.031174076 0
182 214 3 100 1193673 2.031238685 0
225 244 3 100 7640277 2.031393217 0
25 24 3 100 11756 2.031417695 0
169 27 3 100 13707 2.032008620 0
113 99 3 100 7038 2.032509635 0
134 166 3 100 1675280 2.032626498 0
214 81 3 100 1617831 2.032874905 0
215 66 3 100 9460 2.033048262 0
235 204 3 100 7101684 2.033104226 0
68 212 3 100 8660 2.033189449 0
178 231 3 100 4028 2.033336351 0
196 24 3 100 297149 2.033475781 0
136 66 3 100 35660 2.034203563 0
60 99 3 100 151995 2.034281361 0
20 150 3 100 9734 2.034363646 0
41 241 3 100 55161 2.034570059 0
236 213 3 100 61733 2.034995071 0
158 10 3 100 21183 2.035069958 0
48 191 3 100 701203 2.035329769 0
33 23 3 100 142933 2.035613678 0
143 5 3 100 12722 2.035699494 0
26 198 3 100 1722139 2.036097734 0
247 147 3 100 2609 2.036292866 0
193 191 3 100 10660 2.036410309 0
122 107 3 100 38099 2.036446490 0
25 169 3 100 1841053 2.037119920 0
76 31 3 100 5699290 2.037271486 0
71 114 3 100 7336317 2.037393318 0
222 241 3 100 49742 2.037504697 0
227 189 3 100 153686 2.038064057 0
103 20 3 100 5218 2.038207414 0
254 149 3 100 3833050 2.038219761 0
250 42 3 100 5394 2.038523296 0
84 128 3 100 849406 2.038609988 0
59 31 3 100 1598662 2.038660598 0
60 99 3 100 20002 2.038666720 0
231 101 3 100 227 2.038712703 0
98 194 3 100 6034 2.038770935 0
133 173 3 100 18613316 2.038937398 0
120 62 3 100 42204 2.038954497 0
2 29 3 100 9959 2.039025193 0
89 248 3 100 103380 2.039350696 0
69 219 3 100 12922285 2.039596186 0
7 22 3 100 12667 2.039767335 0
21 64 3 100 4879473 2.039881918 0
62 4 3 100 29958 2.040032046 0
209 1 3 100 2309896 2.040273848 0
19 2 3 100 23960786 2.040293250 0
54 15 3 100 415481 2.041042634 0
145 11 3 100 310511 2.041085281 0
27 26 3 100 17832200 2.041218053 0
177 88 3 100 883146 2.041348073 0
112 234 3 100 7638 2.041395657 0
32 213 3 100 125554 2.041507584 0
30 239 3 100 9330933 2.041734617 0
168 196 3 100 29498145 2.042088922 0
116 134 3 100 33859 2.042506751 0
196 198 3 100 3986339 2.042658666 0
164 132 3 100 28466 2.043046923 0
218 17 3 100 22001 2.043527490 0
187 62 3 100 70724 2.043798073 0
48 166 3 100 1079372 2.044113717 0
45 211 3 100 5821 2.044115160 0
51 13 3 100 109516 2.044207321 0
102 250 3 100 4325 2.044418046 0
135 4 3 100 3826711 2.044457715 0
24 25 3 100 5051 2.044896962 0
111 185 3 100 35277 2.045201565 0
63 165 3 100 55168 2.045221663 0
146 112 3 100 74173 2.045285929 0
178 98 3 100 1755911 2.045304915 0
115 100 3 100 57935 2.045431335 0
178 120 3 100 25275 2.045510178 0
214 253 3 100 1185 2.045867170 0
109 107 3 100 1686616 2.046066906 0
179 48 3 100 1731352 2.046140887 0
227 6 3 100 7304 2.046160070 0
56 10 3 100 8779 2.046484638 0
93 35 3 100 49843 2.047100743 0
235 124 3 100 22402 2.047200683 0
8 205 3 100 59941 2.047318474 0
224 133 3 100 8421 2.047763595 0
74 188 3 100 15296 2.047800965 0
114 61 3 100 20762 2.047831882 0
56 210 3 100 46709 2.047842975 0
82 50 3 100 20676 2.048314312 0
38 189 3 100 24078 2.048445748 0
228 55 3 100 44298 2.048621186 0
184 243 3 100 178 2.048986877 0
245 178 3 100 5496 2.049011600 0
122 213 3 100 79 2.049580936 0
2 179 3 100 24873 2.050077345 0
15 36 3 100 1293677 2.050230651 0
175 150 3 100 7620 2.050994829 0
171 197 3 100 58960 2.051561882 0
169 24 3 100 105959 2.051904943 0
127 81 3 100 4035 2.052026927 0
128 1 3 100 157912 2.052121885 0
170 24 3 100 1058045 2.052465807 0
130 10 3 100 1828118 2.052825214 0
209 174 3 100 53388 2.052955924 0
214 172 3 100 382047 2.053193890 0
226 106 3 100 75760 2.053417791 0
0 141 3 100 155878 2.053542184 0
126 137 3 100 15927 2.053547811 0
14 50 3 100 663 2.053973466 0
108 147 3 100 36799 2.054318191 0
76 73 3 100 9721250 2.054497058 0
48 40 3 100 57675 2.054706473 0
140 166 3 100 88050 2.055015382 0
139 120 3 100 14192827 2.055339598 0
108 156 3 100 62880 2.055389468 0
28 241 3 100 2362 2.055763356 0
202 3 3 100 532211 2.055835960 0
226 220 3 100 1121371 2.055846113 0
30 92 3 100 6592 2.055869626 0
249 166 3 100 3034947 2.055987908 0
96 231 3 100 4014944 2.056193785 0
154 209 3 100 24501 2.056238440 0
242 178 3 100 45274 2.057113253 0
91 126 3 100 3414855 2.057352045 0
165 177 3 100 2551645 2.057449216 0
120 71 3 100 16168 2.057778718 0
96 174 3 100 727973 2.057814223 0
230 228 3 100 65809 2.057834836 0
70 20 3 100 28802 2.057917864 0
228 224 3 100 43914 2.058038024 0
62 189 3 100 1141114 2.058543669 0
177 142 3 100 3235 2.058613346 0
216 246 3 100 157 2.059266433 0
56 13 3 100 4062431 2.059585881 0
96 47 3 100 2212134 2.059737060 0
196 197 3 100 76748 2.059985296 0
34 31 3 100 4314083 2.060385158 0
21 81 3 100 3464434 2.060812506 0
177 136 3 100 667500 2.060897841 0
51 38 3 100 20990 2.061345242 0
40 146 3 100 6013628 2.061598711 0
220 66 3 100 395 2.061633072 0
235 98 3 100 27425 2.061659854 0
55 186 3 100 48782 2.062022499 0
239 83 3 100 7041391 2.063017530 0
198 168 3 100 1411608 2.063166799 0
247 176 3 100 1930899 2.063339919 0
184 156 3 100 1291209 2.063507480 0
192 35 3 100 19911202 2.063709740 0
169 26 3 100 17811 2.063861740 0
218 148 3 100 1953193 2.063960215 0
232 39 3 100 20963 2.064107226 0
132 4 3 100 7350739 2.064400809 0
255 165 3 100 6703 2.064495994 0
186 95 3 100 711 2.064819747 0
139 229 3 100 6415940 2.064956493 0
80 126 3 100 2996453 2.064992131 0
168 25 3 100 2067960 2.065098390 0
212 202 3 100 53802 2.065241064 0
186 68 3 100 145501 2.065314053 0
170 196 3 100 1603952 2.065465517 0
120 201 3 100 824769 2.065481762 0
182 110 3 100 59096 2.065651271 0
24 25 3 100 14625476 2.066723790 0
159 115 3 100 48775 2.066895661 0
127 75 3 100 495196 2.066900023 0
24 27 3 100 9701345 2.067139598 0
47 17 3 100 1398 2.067599588 0
33 67 3 100 26556 2.067753677 0
132 147 3 100 618598 2.067871436 0
235 129 3 100 8143627 2.068061011 0
223 155 3 100 51209 2.068130566 0
177 181 3 100 43138 2.068132551 0
85 129 3 100 8046554 2.068178734 0
223 68 3 100 29882710 2.068486046 0
102 144 3 100 197123 2.068814114 0
25 196 3 100 58379 2.069139522 0
244 2 3 100 39467 2.069146292 0
250 38 3 100 41061 2.069319115 0
191 179 3 100 42861 2.069491397 0
204 140 3 100 56235 2.069682255 0
136 200 3 100 8511760 2.069877011 0
105 148 3 100 41767 2.070243371 0
139 220 3 100 41792 2.070526503 0
133 31 3 100 1540 2.070565662 0
150 122 3 100 53587 2.070890188 0
169 168 3 100 661130 2.071975759 0
189 12 3 100 33662 2.072119936 0
66 58 3 100 964591 2.072451892 0
203 110 3 100 49360 2.073443701 0
33 127 3 100 1693910 2.073680364 0
43 86 3 100 21637 2.073720888 0
69 244 3 100 4613 2.073823715 0
195 76 3 100 3384156 2.074056816 0
134 2 3 100 301817 2.074112231 0
61 218 3 100 82391 2.074260752 0
25 168 3 100 58024 2.074261792 0
113 107 3 100 1491854 2.074337370 0
164 84 3 100 73412 2.074533484 0
169 27 3 100 9021778 2.075162217 0
219 49 3 100 14076320 2.075494441 0
196 171 3 100 63659 2.075597211 0
66 92 3 100 56138 2.076078735 0
24 197 3 100 70247 2.076644650 0
215 61 3 100 20457 2.077210815 0
171 168 3 100 76803 2.077339944 0
236 207 3 100 7477 2.077395841 0
233 149 3 100 176881 2.077538099 0
25 24 3 100 1175778 2.077681740 0
34 6 3 100 170035 2.077884641 0
131 105 3 100 204012 2.077905198 0
28 117 3 100 1181522 2.078008051 0
147 73 3 100 34186 2.078021044 0
20 82 3 100 868 2.078109852 0
198 27 3 100 6336 2.078181566 0
95 22 3 100 34775 2.078201650 0
105 91 3 100 77664 2.078257663 0
246 74 3 100 30470 2.078434762 0
111 15 3 100 76173 2.078688802 0
31 187 3 100 3999952 2.078913717 0
211 115 3 100 25667 2.078973676 0
171 168 3 100 1757635 2.079718424 0
247 12 3 100 9793 2.080031797 0
68 219 3 100 526984 2.080259615 0
46 206 3 100 10132063 2.080261403 0
226 73 3 100 564439 2.080266440 0
209 162 3 100 59515 2.080302523 0
182 14 3 100 16169 2.081220387 0
89 195 3 100 4868 2.081450751 0
166 103 3 100 46160 2.081457337 0
137 65 3 100 63311 2.081649754 0
239 235 3 100 986750 2.081756772 0
254 136 3 100 5990119 2.081761763 0
158 225 3 100 11175 2.082039213 0
160 23 3 100 78602 2.082070918 0
133 204 3 100 49202 2.082696903 0
88 176 3 100 5411203 2.082786448 0
231 66 3 100 7126 2.082997340 0
132 142 3 100 71880 2.083197909 0
177 111 3 100 37436 2.083563075 0
90 83 3 100 1683965 2.083628709 0
190 45 3 100 1003 2.083638035 0
161 195 3 100 68246 2.083721405 0
47 109 3 100 62880 2.083804316 0
197 169 3 100 62823 2.083955922 0
39 201 3 100 4446529 2.084681645 0
251 48 3 100 91870 2.084790692 0
169 27 3 100 1258144 2.084865082 0
93 243 3 100 118176 2.084874412 0
101 185 3 100 1365907 2.084908561 0
175 213 3 100 19857 2.085037928 0
232 143 3 100 6564058 2.085308172 0
146 98 3 100 2113377 2.085714586 0
173 242 3 100 44268 2.085721200 0
30 32 3 100 18186 2.086137644 0
76 144 3 100 1216546 2.086165761 0
202 129 3 100 1033553 2.087379809 0
231 4 3 100 725381 2.087871417 0
78 64 3 100 3323279 2.087937767 0
55 180 3 100 153697 2.088011826 0
55 106 3 100 18050276 2.088320163 0
170 199 3 100 2238 2.088676558 0
208 165 3 100 29222 2.088770107 0
200 153 3 100 40446 2.088941734 0
10 193 3 100 20226 2.089007059 0
216 73 3 100 3370941 2.089340457 0
99 133 3 100 1563080 2.089423181 0
194 185 3 100 62077 2.089995871 0
110 224 3 100 87260 2.090198915 0
69 166 3 100 3405080 2.090409999 0
211 63 3 100 46851 2.090578667 0
247 113 3 100 8483 2.090659677 0
165 112 3 100 7715651 2.090809138 0
24 168 3 100 147230 2.091308973 0
11 186 3 100 9193703 2.091627428 0
181 227 3 100 5436 2.091649886 0
198 171 3 100 21546904 2.092271936 0
227 114 3 100 42607 2.092363642 0
121 52 3 100 54504 2.092414490 0
194 78 3 100 3731649 2.092484819 0
168 196 3 100 22257 2.092543804 0
37 61 3 100 28026 2.093293357 0
120 195 3 100 243473 2.093369973 0
195 165 3 100 957415 2.093518961 0
201 202 3 100 2837 2.093864094 0
78 49 3 100 8919304 2.093877745 0
250 163 3 100 9240 2.094145986 0
195 36 3 100 8103036 2.094201424 0
141 53 3 100 1143 2.094696089 0
25 169 3 100 271818 2.094885402 0
106 129 3 100 5560 2.094980072 0
197 199 3 100 349491 2.094986021 0
102 9 3 100 70949 2.095192045 0
143 118 3 100 191909 2.095371339 0
105 80 3 100 54678 2.095465975 0
88 187 3 100 19 2.095676417 0
67 144 3 100 59682 2.095882526 0
159 124 3 100 5446113 2.095949785 0
225 136 3 100 3269 2.096218168 0
24 168 3 100 161313 2.097293375 0
234 120 3 100 1656273 2.097826619 0
69 115 3 100 131269 2.098108300 0
91 247 3 100 19275 2.098515452 0
124 128 3 100 2703158 2.098648966 0
186 2 3 100 2938631 2.099066001 0
202 69 3 100 1337 2.099175501 0
85 78 3 100 3040107 2.099176985 0
123 181 3 100 59948 2.099214199 0
137 210 3 100 6252 2.099427944 0
80 112 3 100 25980 2.099845328 0
215 190 3 100 48620 2.100160324 0
218 177 3 100 64737 2.100187082 0
82 120 3 100 161210 2.100260964 0
153 160 3 100 1857552 2.100615213 0
87 88 3 100 72683 2.101049828 0
9 212 3 100 37197 2.101497754 0
12 106 3 100 7621346 2.101820237 0
38 50 3 100 13108 2.101840008 0
239 115 3 100 4469682 2.101932319 0
62 12 3 100 831874 2.102005494 0
165 123 3 100 33843 2.102126497 0
56 159 3 100 28140 2.102284074 0
83 68 3 100 2819 2.102413410 0
215 189 3 100 1684792 2.103371941 0
223 74 3 100 22387 2.103395343 0
226 68 3 100 24977 2.103396224 0
21 193 3 100 183316 2.103658629 0
169 26 3 100 3212841 2.105356279 0
113 255 3 100 881402 2.105886701 0
165 30 3 100 9305 2.106033617 0
40 223 3 100 68612 2.106236681 0
104 178 3 100 37052 2.106261931 0
71 133 3 100 4729151 2.106481356 0
186 204 3 100 23006 2.106536991 0
40 231 3 100 70999 2.106698779 0
1 237 3 100 9947 2.106787155 0
133 70 3 100 5834322 2.106967846 0
19 185 3 100 18831165 2.107000655 0
170 197 3 100 19043 2.107143283 0
131 20 3 100 39989 2.107392906 0
9 68 3 100 10482257 2.107450724 0
62 88 3 100 25352 2.107475913 0
216 20 3 100 15349934 2.107623326 0
168 198 3 100 69371 2.107702918 0
8 127 3 100 1924808 2.108306764 0
181 21 3 100 15039 2.108311965 0
208 9 3 100 5296 2.108319369 0
99 152 3 100 181086 2.108856465 0
50 149 3 100 79058 2.108936423 0
133 223 3 100 3128171 2.109707254 0
79 11 3 100 23602 2.109784270 0
102 193 3 100 150911 2.110007922 0
49 62 3 100 39705 2.110598593 0
226 240 3 100 564 2.111177446 0
217 254 3 100 7558966 2.111376312 0
19 0 3 100 11449 2.111653582 0
222 65 3 100 155337 2.111728080 0
43 121 3 100 17683949 2.111982966 0
51 46 3 100 2714 2.112463696 0
93 195 3 100 25724 2.112616245 0
51 237 3 100 177718 2.112765886 0
100 36 3 100 50135 2.113037072 0
168 170 3 100 18904 2.113448025 0
30 115 3 100 4019567 2.113450432 0
205 245 3 100 68338 2.113501457 0
205 126 3 100 20861 2.113690228 0
191 133 3 100 1731895 2.114028438 0
194 12 3 100 3102461 2.114071639 0
188 248 3 100 184388 2.114216868 0
90 46 3 100 1959 2.114250245 0
132 109 3 100 2594235 2.114758655 0
162 83 3 100 4828 2.114869151 0
150 65 3 100 74492 2.115081721 0
15 100 3 100 1115201 2.115103160 0
46 35 3 100 15703 2.115124613 0
176 141 3 100 779041 2.115149189 0
36 214 3 100 53262 2.115554217 0
25 198 3 100 6779 2.116166652 0
152 44 3 100 1687527 2.117369059 0
222 14 3 100 17137 2.117476477 0
223 80 3 100 501189 2.117814835 0
149 163 3 100 198436 2.117843875 0
236 148 3 100 1307051 2.117939472 0
9 69 3 100 21528 2.117989015 0
78 181 3 100 3496155 2.118094969 0
15 22 3 100 1375668 2.118191567 0
110 166 3 100 86973 2.118391131 0
14 20 3 100 1602 2.118496609 0
24 26 3 100 5935 2.118593801 0
24 196 3 100 6208 2.119137511 0
132 116 3 100 39187 2.119403554 0
29 195 3 100 24692 2.119462523 0
124 126 3 100 1189887 2.119620145 0
66 182 3 100 27746 2.119680027 0
199 197 3 100 1319507 2.119883559 0
194 61 3 100 3704256 2.120038975 0
89 193 3 100 57345 2.120617518 0
20 160 3 100 9768 2.121120747 0
89 49 3 100 5250524 2.121221142 0
196 26 3 100 1135636 2.121422770 0
189 190 3 100 69609 2.121588586 0
197 169 3 100 36606 2.121599729 0
18 210 3 100 786784 2.121607931 0
236 177 3 100 72170 2.122156652 0
197 24 3 100 918216 2.122171159 0
62 231 3 100 497 2.122268041 0
238 48 3 100 628473 2.122337865 0
172 100 3 100 13390 2.122528936 0
195 93 3 100 194824 2.122563179 0
12 84 3 100 41341 2.122701441 0
6 184 3 100 7806165 2.122831136 0
74 245 3 100 168 2.122989871 0
202 4 3 100 424112 2.123295277 0
198 170 3 100 6237 2.123316839 0
147 113 3 100 25861 2.123362677 0
84 252 3 100 2445502 2.123875842 0
198 169 3 100 974311 2.124027369 0
12 217 3 100 64409 2.124107686 0
46 119 3 100 581981 2.124245309 0
1 62 3 100 35501 2.124289685 0
168 199 3 100 7322277 2.124581515 0
118 93 3 100 24121 2.124874701 0
152 64 3 100 3635 2.125049496 0
2 43 3 100 305 2.125206813 0
38 141 3 100 549653 2.125766476 0
38 245 3 100 912679 2.126038453 0
18 240 3 100 12144 2.126124992 0
85 41 3 100 9396 2.126185380 0
144 245 3 100 1333851 2.126253157 0
210 69 3 100 169405 2.126267113 0
42 255 3 100 4895 2.126400531 0
66 159 3 100 1635117 2.126533102 0
245 232 3 100 9752 2.126681482 0
52 75 3 100 20453 2.126914305 0
197 24 3 100 8729 2.126952904 0
196 24 3 100 24510 2.127261440 0
134 184 3 100 1709267 2.127374665 0
231 173 3 100 60341 2.127965440 0
136 189 3 100 6185571 2.127993063 0
70 211 3 100 2351 2.128058643 0
170 196 3 100 643262 2.128278109 0
123 121 3 100 1200492 2.128394292 0
69 146 3 100 21430 2.128609530 0
107 4 3 100 185160 2.128693293 0
253 46 3 100 44877 2.128762885 0
91 215 3 100 8972337 2.128856587 0
62 250 3 100 28174 2.129005245 0
251 53 3 100 1623466 2.129118359 0
136 141 3 100 12651 2.129342526 0
35 10 3 100 1247 2.129353228 0
231 205 3 100 50689 2.129389630 0
22 118 3 100 786696 2.129465066 0
193 134 3 100 33430 2.129753099 0
138 254 3 100 20891 2.130000216 0
89 201 3 100 2661768 2.130147506 0
132 124 3 100 751467 2.130395142 0
15 163 3 100 26054 2.130443813 0
157 204 3 100 6603 2.130623480 0
168 199 3 100 12188 2.131611315 0
26 169 3 100 1177689 2.131890602 0
230 236 3 100 1431255 2.131963045 0
221 18 3 100 9261 2.131996679 0
192 104 3 100 23550 2.132545981 0
170 196 3 100 1645268 2.132562079 0
243 201 3 100 163064 2.132620483 0
185 31 3 100 138068 2.132670894 0
48 188 3 100 685656 2.132677182 0
79 202 3 100 24571 2.134084702 0
12 204 3 100 25182 2.134108431 0
6 46 3 100 8485 2.134127698 0
80 129 3 100 1411512 2.134318943 0
126 64 3 100 2678067 2.134403613 0
64 151 3 100 41621 2.134472697 0
112 32 3 100 1121740 2.134638336 0
94 172 3 100 79566 2.134751067 0
23 235 3 100 16854 2.135099498 0
99 228 3 100 4749 2.135247765 0
210 176 3 100 7005499 2.135400686 0
63 94 3 100 31337 2.135435794 0
157 203 3 100 66557 2.135903364 0
9 45 3 100 1863479 2.136558744 0
26 27 3 100 32087 2.136652520 0
196 169 3 100 277 2.136899188 0
65 254 3 100 63949 2.137207866 0
26 25 3 100 3955369 2.137321656 0
12 107 3 100 683886 2.137347687 0
146 201 3 100 143607 2.137396668 0
176 51 3 100 1234732 2.137642017 0
199 196 3 100 5947732 2.137913283 0
51 109 3 100 9501112 2.137986267 0
223 156 3 100 465248 2.138256223 0
104 0 3 100 4361497 2.138310018 0
197 168 3 100 75694 2.138498919 0
199 196 3 100 28852 2.139068369 0
25 168 3 100 2010992 2.139530508 0
38 142 3 100 915510 2.140015272 0
174 164 3 100 34324 2.140287430 0
243 201 3 100 3449476 2.140677329 0
85 200 3 100 132719 2.140721855 0
27 26 3 100 63395 2.140887094 0
87 43 3 100 32715 2.140917409 0
231 17 3 100 3174 2.141273233 0
139 69 3 100 20868 2.141450499 0
226 193 3 100 3086677 2.141746146 0
253 15 3 100 3293670 2.141797810 0
187 89 3 100 22362 2.142056968 0
50 237 3 100 648 2.142187684 0
138 64 3 100 9891 2.142368571 0
101 5 3 100 56569 2.142473406 0
40 74 3 100 559077 2.142483904 0
39 122 3 100 570952 2.142931990 0
159 128 3 100 25280 2.143044527 0
188 109 3 100 22608 2.143090670 0
64 14 3 100 38323 2.143094193 0
161 89 3 100 6417 2.143121222 0
169 24 3 100 44068 2.143174539 0
25 197 3 100 74718 2.143360337 0
40 51 3 100 32492 2.143620220 0
196 169 3 100 4296465 2.143655156 0
28 106 3 100 33419 2.143802035 0
45 49 3 100 7440964 2.143825189 0
150 21 3 100 72615 2.144437602 0
252 19 3 100 27115 2.144483505 0
153 237 3 100 25959 2.144809112 0
26 199 3 100 75246 2.144927930 0
168 196 3 100 1181736 2.145236584 0
32 82 3 100 669 2.145323109 0
196 199 3 100 68734 2.145687721 0
235 191 3 100 26519 2.145719915 0
30 232 3 100 18407 2.145920708 0
243 76 3 100 2875228 2.146008910 0
136 109 3 100 152506 2.146511115 0
131 252 3 100 25599 2.146544789 0
227 154 3 100 9590 2.146551851 0
249 166 3 100 1197 2.146579421 0
182 176 3 100 22449 2.146652098 0
205 184 3 100 51051 2.147092567 0
59 118 3 100 12346 2.147386128 0
35 181 3 100 2141816 2.148495692 0
198 169 3 100 2482933 2.148563664 0
252 189 3 100 2343795 2.148605672 0
110 178 3 100 140420 2.148638887 0
252 129 3 100 4515057 2.148732328 0
226 80 3 100 1521500 2.148995519 0
198 196 3 100 35762 2.149006415 0
185 251 3 100 9480460 2.149184722 0
217 81 3 100 48325 2.149634970 0
242 111 3 100 2261034 2.149833574 0
37 46 3 100 1284 2.149959115 0
234 14 3 100 4176723 2.150028319 0
214 110 3 100 18667924 2.150661801 0
56 186 3 100 4809051 2.151217481 0
198 25 3 100 3357522 2.151672966 0
187 158 3 100 64402 2.152460291 0
77 18 3 100 4405 2.153014328 0
236 68 3 100 1109763 2.153182042 0
76 81 3 100 26594 2.153237793 0
120 59 3 100 65071 2.153241626 0
224 134 3 100 2941844 2.153334285 0
67 17 3 100 606896 2.153778998 0
174 147 3 100 953138 2.154063667 0
92 126 3 100 4601452 2.154479985 0
154 17 3 100 2147137 2.154484896 0
25 24 3 100 35543 2.154545847 0
123 178 3 100 158117 2.154730171 0
9 167 3 100 12050287 2.154867166 0
188 103 3 100 3381 2.155014022 0
132 153 3 100 7542 2.155132583 0
109 159 3 100 324880 2.155329699 0
66 217 3 100 29750 2.155374440 0
27 169 3 100 855 2.156015186 0
168 169 3 100 55393 2.156589806 0
225 13 3 100 6608834 2.156607818 0
140 166 3 100 3213482 2.156616641 0
145 188 3 100 29309 2.156903122 0
151 15 3 100 901861 2.157213573 0
196 170 3 100 30903 2.157268467 0
180 113 3 100 68758 2.157663976 0
223 221 3 100 4783 2.157753920 0
94 41 3 100 14455 2.157876854 0
34 62 3 100 4720114 2.157895377 0
143 101 3 100 11347910 2.158154456 0
27 199 3 100 42631 2.158691413 0
178 247 3 100 5439 2.158750593 0
133 145 3 100 30092 2.158796133 0
114 242 3 100 490508 2.158967062 0
221 67 3 100 31560 2.159033104 0
120 75 3 100 29213 2.159276404 0
103 140 3 100 35594 2.159283559 0
142 239 3 100 824763 2.160109077 0
42 215 3 100 47723 2.160290167 0
224 50 3 100 4928286 2.160721539 0
49 45 3 100 70406 2.160846650 0
35 139 3 100 8179 2.160876111 0
88 218 3 100 3747664 2.161367963 0
214 253 3 100 4762757 2.161639110 0
85 230 3 100 5975 2.161993283 0
140 65 3 100 616321 2.162171843 0
124 106 3 100 27838 2.162917716 0
129 94 3 100 2662129 2.163384699 0
22 203 3 100 617612 2.163404105 0
42 17 3 100 1727918 2.163511120 0
169 198 3 100 8161 2.164221670 0
131 183 3 100 26594 2.164261665 0
29 93 3 100 138358 2.164361962 0
114 249 3 100 19036 2.164803654 0
130 3 3 100 2921458 2.164863550 0
158 216 3 100 147806 2.164921879 0
53 20 3 100 624333 2.164981174 0
71 220 3 100 1092525 2.164994653 0
138 10 3 100 969854 2.165050922 0
14 153 3 100 44716 2.165511119 0
49 76 3 100 66721 2.165605414 0
51 95 3 100 889677 2.165670425 0
17 33 3 100 3708751 2.165880998 0
111 235 3 100 26757 2.165925301 0
102 172 3 100 61776 2.166325486 0
128 135 3 100 384003 2.166822061 0
242 247 3 100 35387 2.166827184 0
23 105 3 100 149666 2.167026285 0
105 165 3 100 1490924 2.167044339 0
118 61 3 100 59232 2.168124483 0
142 221 3 100 56654 2.168263903 0
55 49 3 100 994074 2.168471178 0
6 71 3 100 7676 2.168684173 0
146 49 3 100 5492 2.168920312 0
204 225 3 100 2388970 2.169180403 0
53 252 3 100 4810 2.169298917 0
53 30 3 100 80422 2.169418865 0
4 161 3 100 76202 2.169541799 0
252 109 3 100 613863 2.170269193 0
246 19 3 100 174719 2.170373550 0
41 81 3 100 21256 2.171119630 0
106 60 3 100 1885540 2.171199104 0
40 39 3 100 15676 2.171217993 0
197 26 3 100 54868 2.171278944 0
33 247 3 100 1238926 2.171383835 0
49 150 3 100 612019 2.171716863 0
168 196 3 100 1628548 2.172090716 0
171 199 3 100 23375 2.172267413 0
194 222 3 100 158374 2.172684671 0
136 34 3 100 2812883 2.172787008 0
206 109 3 100 196197 2.173510114 0
169 24 3 100 19613024 2.173592810 0
249 22 3 100 7071848 2.174477306 0
54 227 3 100 299073 2.174596127 0
26 198 3 100 2903629 2.174918253 0
128 78 3 100 1940085 2.175070856 0
226 43 3 100 11551 2.175128440 0
156 85 3 100 4726655 2.175548702 0
59 200 3 100 3764959 2.176103314 0
225 55 3 100 60354 2.176264062 0
49 50 3 100 63768 2.176509656 0
24 25 3 100 21664 2.176600237 0
249 140 3 100 15606 2.176746567 0
48 63 3 100 2119 2.176802820 0
253 3 3 100 5701 2.178136846 0
252 140 3 100 1382 2.178436171 0
37 182 3 100 5521317 2.178460830 0
171 196 3 100 46345 2.178615611 0
24 170 3 100 5597638 2.179052820 0
85 43 3 100 4926450 2.179408937 0
194 58 3 100 1184 2.179702570 0
222 245 3 100 84269 2.179712254 0
251 76 3 100 25275 2.180739962 0
6 52 3 100 44433 2.180867524 0
228 71 3 100 21504 2.180995566 0
251 127 3 100 3652 2.181077555 0
144 70 3 100 4896276 2.181458057 0
55 175 3 100 7834 2.182252618 0
136 254 3 100 22079 2.182413743 0
196 198 3 100 1238 2.182563157 0
250 212 3 100 791011 2.182679070 0
42 231 3 100 6024450 2.182794036 0
222 13 3 100 973329 2.182878748 0
216 138 3 100 1404 2.182922299 0
168 27 3 100 59316 2.183294882 0
196 25 3 100 50101 2.183622078 0
3 1 3 100 2159117 2.183818352 0
183 39 3 100 32656 2.184146387 0
50 231 3 100 49016 2.184204439 0
62 235 3 100 8974385 2.184608477 0
234 220 3 100 24018 2.185456163 0
97 88 3 100 9051790 2.185547723 0
112 15 3 100 5334 2.186268704 0
88 252 3 100 13640 2.186541596 0
167 60 3 100 801 2.186785066 0
17 22 3 100 378967 2.187269581 0
70 81 3 100 4976 2.187419575 0
33 88 3 100 8178 2.187767993 0
18 5 3 100 4453359 2.189012677 0
206 45 3 100 8740811 2.189118645 0
94 16 3 100 9823607 2.189155096 0
206 19 3 100 68833 2.189651800 0
138 150 3 100 16408 2.189750024 0
52 145 3 100 138722 2.190361204 0
184 33 3 100 934340 2.190512394 0
79 121 3 100 26838 2.191206501 0
243 147 3 100 9097 2.191532791 0
249 35 3 100 421919 2.191944129 0
196 24 3 100 264926 2.192173990 0
240 222 3 100 6989194 2.192548225 0
125 204 3 100 5115 2.192568011 0
27 25 3 100 2459647 2.192656298 0
13 226 3 100 43024 2.193083462 0
6 220 3 100 24852 2.194389647 0
189 220 3 100 875151 2.196260547 0
208 90 3 100 7242172 2.196864772 0
