4 64 768 256
0 2 8 4
0 8 5 9
0 15 6 5
0 16 4 7
0 25 9 10
0 34 7 10
0 36 11 8
0 38 10 6
0 46 14 13
0 47 12 15
0 55 13 15
0 58 15 12
1 3 8 4
1 5 7 12
1 8 12 15
1 9 9 4
1 30 11 6
1 33 6 13
1 38 10 15
1 41 5 6
1 43 13 8
1 50 14 11
1 53 4 9
1 57 15 11
2 0 4 8
2 6 9 4
2 14 5 9
2 20 6 13
2 30 7 4
2 32 11 14
2 44 10 15
2 51 8 11
2 56 14 10
2 58 13 8
2 59 12 6
2 61 15 11
3 1 4 8
3 4 10 15
3 9 12 6
3 21 6 12
3 22 15 13
3 26 11 15
3 28 7 10
3 31 13 7
3 36 14 13
3 49 8 4
3 60 5 8
3 61 9 5
4 3 15 10
4 6 12 8
4 13 13 15
4 16 8 4
4 23 6 11
4 31 11 6
4 36 7 11
4 38 10 14
4 41 4 9
4 42 9 4
4 50 14 13
4 55 5 8
5 1 12 7
5 19 13 15
5 21 15 11
5 22 7 12
5 28 9 4
5 29 14 13
5 32 8 10
5 33 6 4
5 42 5 9
5 51 11 6
5 56 10 15
5 59 4 9
6 2 4 9
6 4 8 12
6 18 13 15
6 20 12 15
6 34 14 13
6 36 6 5
6 37 15 12
6 43 9 4
6 54 5 8
6 55 10 7
6 56 11 6
6 58 7 11
7 16 7 5
7 23 10 14
7 26 4 8
7 32 11 15
7 33 15 11
7 34 6 4
7 44 5 7
7 45 12 7
7 47 8 11
7 52 14 12
7 54 13 6
7 63 9 12
8 0 9 5
8 1 15 12
8 9 7 12
8 16 13 14
8 28 5 9
8 29 8 10
8 30 6 5
8 33 4 7
8 35 12 15
8 38 11 8
8 44 14 12
8 49 10 7
9 1 4 9
9 3 6 12
9 8 12 7
9 13 10 14
9 17 7 12
9 18 8 4
9 37 5 9
9 42 9 5
9 43 13 7
9 50 11 14
9 54 15 13
9 59 14 10
10 11 7 13
10 12 10 15
10 14 4 7
10 17 8 4
10 20 15 12
10 28 14 12
10 33 9 12
10 35 11 8
10 37 12 14
10 40 13 8
10 49 5 9
10 54 6 4
11 10 13 7
11 14 9 5
11 16 11 15
11 24 14 13
11 34 12 7
11 35 5 6
11 38 6 12
11 41 15 12
11 44 8 5
11 45 7 13
11 50 4 6
11 51 10 14
12 10 15 10
12 15 14 11
12 24 7 5
12 27 10 15
12 32 4 7
12 37 6 13
12 42 12 15
12 48 11 9
12 49 9 13
12 55 5 6
12 57 13 6
12 63 8 5
13 4 15 13
13 9 14 10
13 18 9 5
13 22 5 8
13 23 13 6
13 28 8 5
13 29 6 11
13 39 4 6
13 44 7 13
13 51 11 15
13 53 10 8
13 56 12 14
14 2 9 5
14 10 7 4
14 11 5 9
14 18 15 11
14 29 11 14
14 35 6 12
14 47 8 12
14 51 4 9
14 55 12 14
14 58 14 10
14 61 10 9
14 63 13 6
15 0 5 6
15 12 11 14
15 27 14 11
15 34 7 5
15 35 10 14
15 39 15 13
15 41 8 4
15 42 6 11
15 43 4 6
15 44 12 8
15 46 13 6
15 63 9 13
16 0 7 4
16 4 4 8
16 7 5 7
16 8 14 13
16 11 15 11
16 18 8 12
16 26 9 12
16 28 12 8
16 34 10 9
16 38 6 4
16 60 11 15
16 61 13 14
17 9 12 7
17 10 4 8
17 25 11 14
17 26 10 7
17 29 5 8
17 32 8 5
17 39 7 5
17 44 9 11
17 45 6 10
17 53 14 12
17 57 15 12
17 60 13 14
18 6 15 13
18 9 4 8
18 13 5 9
18 14 11 15
18 16 12 8
18 21 10 9
18 30 9 11
18 36 7 4
18 55 8 4
18 57 13 15
18 61 6 10
18 62 14 10
19 5 15 13
19 22 11 14
19 24 14 10
19 27 12 14
19 35 7 13
19 43 5 9
19 46 6 12
19 47 13 8
19 49 9 5
19 51 4 8
19 57 8 5
19 60 10 9
20 2 13 6
20 6 15 12
20 10 12 15
20 22 14 11
20 25 5 7
20 32 11 9
20 37 9 5
20 40 4 7
20 42 7 13
20 48 10 14
20 61 6 4
20 62 8 11
21 3 12 6
21 5 11 15
21 18 9 10
21 26 8 4
21 28 10 6
21 31 15 11
21 40 14 13
21 50 7 12
21 53 13 14
21 54 4 9
21 61 5 7
21 62 6 5
22 3 13 15
22 5 12 7
22 13 8 5
22 19 14 11
22 20 11 14
22 24 7 4
22 47 4 7
22 48 15 12
22 50 10 9
22 54 6 11
22 56 5 9
22 57 9 13
23 4 11 6
23 7 14 10
23 13 6 13
23 26 12 9
23 29 7 4
23 30 10 14
23 31 9 12
23 36 4 9
23 40 15 11
23 42 13 14
23 50 8 5
23 62 5 8
24 11 13 14
24 12 5 7
24 19 10 14
24 22 4 7
24 35 9 5
24 42 14 12
24 48 6 11
24 50 11 7
24 53 12 6
24 54 7 5
24 59 8 11
24 63 15 11
25 0 10 9
25 17 14 11
25 20 7 5
25 26 6 10
25 31 4 9
25 36 12 15
25 38 9 10
25 44 13 6
25 46 8 4
25 52 15 10
25 57 5 9
25 59 11 15
26 3 15 11
26 7 8 4
26 16 12 9
26 17 7 10
26 21 4 8
26 23 9 12
26 25 10 6
26 33 13 14
26 43 11 14
26 46 6 5
26 51 14 10
26 53 5 7
27 12 15 10
27 15 11 14
27 19 14 12
27 28 10 15
27 34 6 11
27 37 12 7
27 40 13 6
27 41 7 11
27 56 5 7
27 58 9 4
27 60 8 4
27 63 4 8
28 3 10 7
28 5 4 9
28 8 9 5
28 10 12 14
28 13 5 8
28 16 8 12
28 21 6 10
28 27 15 10
28 30 14 13
28 42 11 6
28 46 13 14
28 47 7 4
29 5 13 14
29 8 10 8
29 13 11 6
29 14 14 11
29 17 8 5
29 23 4 7
29 32 15 12
29 36 6 10
29 38 5 9
29 44 12 14
29 45 7 4
29 56 9 11
30 1 6 11
30 2 4 7
30 8 5 6
30 18 11 9
30 23 14 10
30 28 13 14
30 31 10 14
30 37 12 6
30 45 15 12
30 48 7 4
30 49 8 10
30 63 9 4
31 3 7 13
31 4 6 11
31 21 11 15
31 23 12 9
31 25 9 4
31 30 14 10
31 36 4 6
31 39 5 7
31 41 13 7
31 56 8 5
31 61 15 13
31 63 10 14
32 2 14 11
32 5 10 8
32 7 15 11
32 12 7 4
32 17 5 8
32 20 9 11
32 29 12 15
32 40 6 12
32 47 11 6
32 57 8 4
32 59 4 7
32 61 13 15
33 1 13 6
33 5 4 6
33 7 11 15
33 8 7 4
33 10 12 9
33 26 14 13
33 39 10 15
33 47 8 5
33 49 15 12
33 50 5 8
33 51 9 12
33 55 6 12
34 0 10 7
34 6 13 14
34 7 4 6
34 11 7 12
34 15 5 7
34 16 9 10
34 27 11 6
34 36 14 12
34 38 8 5
34 40 6 5
34 43 15 12
34 62 12 14
35 8 15 12
35 10 8 11
35 11 6 5
35 14 12 6
35 15 14 10
35 19 13 7
35 24 5 9
35 43 7 13
35 47 4 9
35 48 9 5
35 49 10 15
35 54 11 15
36 0 8 11
36 3 13 14
36 4 11 7
36 6 5 6
36 18 4 7
36 23 9 4
36 25 15 12
36 29 10 6
36 31 6 4
36 34 12 14
36 48 14 10
36 56 7 13
37 6 12 15
37 9 9 5
37 10 14 12
37 12 13 6
37 20 5 9
37 27 7 12
37 30 6 12
37 39 11 14
37 44 15 10
37 51 10 7
37 55 8 5
37 62 4 7
38 0 6 10
38 1 15 10
38 4 14 10
38 8 8 11
38 11 12 6
38 16 4 6
38 25 10 9
38 29 9 5
38 34 5 8
38 48 11 15
38 50 7 4
38 52 13 15
39 13 6 4
39 15 13 15
39 17 5 7
39 31 7 5
39 33 15 10
39 37 14 11
39 40 10 14
39 52 8 11
39 54 12 7
39 59 11 8
39 60 4 7
39 62 9 12
40 10 8 13
40 20 7 4
40 21 13 14
40 23 11 15
40 27 6 13
40 32 12 6
40 34 5 6
40 39 14 10
40 41 9 5
40 43 15 10
40 52 10 8
40 57 4 7
41 1 6 5
41 4 9 4
41 11 12 15
41 15 4 8
41 27 11 7
41 31 7 13
41 40 5 9
41 46 13 7
41 47 14 10
41 54 10 14
41 57 8 10
41 59 15 13
42 4 4 9
42 5 9 5
42 9 5 9
42 12 15 12
42 15 11 6
42 20 13 7
42 23 14 13
42 24 12 14
42 28 6 11
42 50 8 10
42 53 10 15
42 62 7 4
43 1 8 13
43 6 4 9
43 9 7 13
43 15 6 4
43 19 9 5
43 26 14 11
43 34 12 15
43 35 13 7
43 40 10 15
43 51 15 13
43 62 11 9
43 63 5 7
44 2 15 10
44 7 7 5
44 8 12 14
44 11 5 8
44 13 13 7
44 15 8 12
44 17 11 9
44 25 6 13
44 29 14 12
44 37 10 15
44 53 9 4
44 58 4 7
45 7 7 12
45 11 13 7
45 17 10 6
45 29 4 7
45 30 12 15
45 46 8 10
45 47 15 13
45 51 6 5
45 57 11 14
45 59 9 4
45 60 14 13
45 61 5 8
46 0 13 14
46 15 6 13
46 19 12 6
46 25 4 8
46 26 5 6
46 28 14 13
46 41 7 13
46 45 10 8
46 49 11 14
46 52 9 4
46 55 15 13
46 58 8 5
47 0 15 12
47 7 11 8
47 14 12 8
47 19 8 13
47 22 7 4
47 28 4 7
47 32 6 11
47 33 5 8
47 35 9 4
47 41 10 14
47 45 13 15
47 63 14 10
48 12 9 11
48 20 14 10
48 22 12 15
48 24 11 6
48 30 4 7
48 35 5 9
48 36 10 14
48 38 15 11
48 51 8 4
48 54 6 10
48 56 7 4
48 61 13 6
49 3 4 8
49 8 7 10
49 10 9 5
49 12 13 9
49 19 5 9
49 30 10 8
49 33 12 15
49 35 15 10
49 46 14 11
49 50 11 15
49 53 8 5
49 55 6 10
50 1 11 14
50 4 13 14
50 9 14 11
50 11 6 4
50 21 12 7
50 22 9 10
50 23 5 8
50 24 7 11
50 33 8 5
50 38 4 7
50 42 10 8
50 49 15 11
51 2 11 8
51 5 6 11
51 11 14 10
51 13 15 11
51 14 9 4
51 19 8 4
51 26 10 14
51 33 12 9
51 37 7 10
51 43 13 15
51 45 5 6
51 48 4 8
52 7 12 14
52 25 10 15
52 38 15 13
52 39 11 8
52 40 8 10
52 46 4 9
52 53 9 13
52 54 14 12
52 56 13 8
52 58 5 6
52 59 7 5
52 60 6 5
53 1 9 4
53 13 8 10
53 17 12 14
53 21 14 13
53 24 6 12
53 26 7 5
53 42 15 10
53 44 4 9
53 49 5 8
53 52 13 9
53 58 11 9
53 63 10 15
54 6 8 5
54 7 6 13
54 9 13 15
54 10 4 6
54 21 9 4
54 22 11 6
54 24 5 7
54 35 15 11
54 39 7 12
54 41 14 10
54 48 10 6
54 52 12 14
55 0 15 13
55 4 8 5
55 6 7 10
55 12 6 5
55 14 14 12
55 18 4 8
55 33 12 6
55 37 5 8
55 46 13 15
55 49 10 6
55 58 9 13
55 62 11 15
56 2 10 14
56 5 15 10
56 6 6 11
56 13 14 12
56 22 9 5
56 27 7 5
56 29 11 9
56 31 5 8
56 36 13 7
56 48 4 7
56 52 8 13
56 59 12 14
57 1 11 15
57 12 6 13
57 17 12 15
57 18 15 13
57 19 5 8
57 22 13 9
57 25 9 5
57 32 4 8
57 40 7 4
57 41 10 8
57 45 14 11
57 61 8 12
58 0 12 15
58 2 8 13
58 6 11 7
58 14 10 14
58 27 4 9
58 44 7 4
58 46 5 8
58 52 6 5
58 53 9 11
58 55 13 9
58 60 15 10
58 62 14 13
59 2 6 12
59 5 9 4
59 9 10 14
59 24 11 8
59 25 15 11
59 32 7 4
59 39 8 11
59 41 13 15
59 45 4 9
59 52 5 7
59 56 14 12
59 60 12 6
60 3 8 5
60 16 15 11
60 17 14 13
60 19 9 10
60 27 4 8
60 39 7 4
60 45 13 14
60 52 5 6
60 58 10 15
60 59 6 12
60 62 11 6
60 63 12 9
61 2 11 15
61 3 5 9
61 14 9 10
61 16 14 13
61 18 10 6
61 20 4 6
61 21 7 5
61 31 13 15
61 32 15 13
61 45 8 5
61 48 6 13
61 57 12 8
62 18 10 14
62 20 11 8
62 21 5 6
62 23 8 5
62 34 14 12
62 37 7 4
62 39 12 9
62 42 4 7
62 43 9 11
62 55 15 11
62 58 13 14
62 60 6 11
63 7 12 9
63 12 5 8
63 14 6 13
63 15 13 9
63 24 11 15
63 27 8 4
63 30 4 9
63 31 14 10
63 43 7 5
63 47 10 14
63 53 15 10
63 60 9 12
